134,35
10,89
10,191
10,239
109,6
109,5
109,4
109,3
109,2
10,141
109,1
109,0
108,3
10,235
108,2
108,1
108,0
107,3
10,115
107,2
10,213
107,1
107,0
106,3
106,2
106,1
11,11
106,0
105,3
11,17
11,13
11,2
105,2
11,3
105,1
105,0
104,3
9,5
104,2
104,1
104,0
103,4
103,3
8,10
8,4
8,5
8,13
8,11
103,2
103,1
103,0
102,4
102,3
102,2
102,1
102,0
101,4
101,3
101,2
101,1
101,0
100,3
100,2
100,1
100,0
96,5
96,3
96,1
95,4
95,1
94,4
94,1
91,3
91,1
89,4
89,3
89,1
20,2
20,1
12,3
20,3
12,2
12,1
11,29
11,28
11,27
11,26
11,25
11,24
19,2
19,1
11,22
19,3
11,18
11,12
11,10
11,1
11,4
10,280
10,248
10,172
18,1
